# Tempo, Teorico
0.00 0.00
0.02 3.08
0.04 6.15
0.06 9.22
0.08 12.27
0.10 15.32
0.12 18.35
0.14 21.38
0.16 24.39
0.18 27.40
0.20 30.40
0.22 33.39
0.24 36.36
0.26 39.33
0.28 42.30
0.30 45.25
0.32 48.19
0.34 51.12
0.36 54.05
0.38 56.96
0.40 59.87
0.42 62.77
0.44 65.66
0.46 68.54
0.48 71.41
0.50 74.27
0.52 77.12
0.54 79.97
0.56 82.80
0.58 85.63
0.60 88.45
0.62 91.26
0.64 94.06
0.66 96.85
0.68 99.63
0.70 102.41
0.72 105.17
0.74 107.93
0.76 110.68
0.78 113.42
0.80 116.15
0.82 118.88
0.84 121.59
0.86 124.30
0.88 127.00
0.90 129.69
0.92 132.37
0.94 135.05
0.96 137.71
0.98 140.37
1.00 143.02
1.02 145.66
1.04 148.29
1.06 150.92
1.08 153.54
1.10 156.15
1.12 158.75
1.14 161.34
1.16 163.92
1.18 166.50
1.20 169.07
1.22 171.63
1.24 174.18
1.26 176.73
1.28 179.27
1.30 181.80
1.32 184.32
1.34 186.83
1.36 189.34
1.38 191.84
1.40 194.33
1.42 196.81
1.44 199.29
1.46 201.75
1.48 204.21
1.50 206.67
1.52 209.11
1.54 211.55
1.56 213.98
1.58 216.40
1.60 218.82
1.62 221.22
1.64 223.63
1.66 226.02
1.68 228.40
1.70 230.78
1.72 233.15
1.74 235.52
1.76 237.87
1.78 240.22
1.80 242.56
1.82 244.90
1.84 247.22
1.86 249.54
1.88 251.86
1.90 254.16
1.92 256.46
1.94 258.75
1.96 261.04
1.98 263.32
2.00 265.59
2.02 267.85
2.04 270.11
2.06 272.36
2.08 274.60
2.10 276.83
2.12 279.06
2.14 281.29
2.16 283.50
2.18 285.71
2.20 287.91
2.22 290.10
2.24 292.29
2.26 294.47
2.28 296.65
2.30 298.82
2.32 300.98
2.34 303.13
2.36 305.28
2.38 307.42
2.40 309.56
2.42 311.68
2.44 313.80
2.46 315.92
2.48 318.03
2.51 320.13
2.53 322.23
2.55 324.31
2.57 326.40
2.59 328.47
2.61 330.54
2.63 332.61
2.65 334.66
2.67 336.71
2.69 338.76
2.71 340.80
2.73 342.83
2.75 344.85
2.77 346.87
2.79 348.89
2.81 350.89
2.83 352.89
2.85 354.89
2.87 356.88
2.89 358.86
2.91 360.83
2.93 362.80
2.95 364.77
2.97 366.73
2.99 368.68
3.01 370.62
3.03 372.56
3.05 374.50
3.07 376.42
3.09 378.35
3.11 380.26
3.13 382.17
3.15 384.08
3.17 385.97
3.19 387.87
3.21 389.75
3.23 391.63
3.25 393.51
3.27 395.38
3.29 397.24
3.31 399.10
3.33 400.95
3.35 402.80
3.37 404.64
3.39 406.47
3.41 408.30
3.43 410.13
3.45 411.94
3.47 413.76
3.49 415.56
3.51 417.37
3.53 419.16
3.55 420.95
3.57 422.74
3.59 424.52
3.61 426.29
3.63 428.06
3.65 429.82
3.67 431.58
3.69 433.33
3.71 435.08
3.73 436.82
3.75 438.55
3.77 440.28
3.79 442.01
3.81 443.73
3.83 445.44
3.85 447.15
3.87 448.86
3.89 450.55
3.91 452.25
3.93 453.94
3.95 455.62
3.97 457.30
3.99 458.97
4.01 460.64
4.03 462.30
4.05 463.96
4.07 465.61
4.09 467.26
4.11 468.90
4.13 470.53
4.15 472.17
4.17 473.79
4.19 475.41
4.21 477.03
4.23 478.64
4.25 480.25
4.27 481.85
4.29 483.45
4.31 485.04
4.33 486.63
4.35 488.21
4.37 489.79
4.39 491.36
4.41 492.93
4.43 494.49
4.45 496.05
4.47 497.60
4.49 499.15
4.51 500.69
4.53 502.23
4.55 503.77
4.57 505.30
4.59 506.82
4.61 508.34
4.63 509.86
4.65 511.37
4.67 512.87
4.69 514.37
4.71 515.87
4.73 517.36
4.75 518.85
4.77 520.33
4.79 521.81
4.81 523.29
4.83 524.76
4.85 526.22
4.87 527.68
4.89 529.14
4.91 530.59
4.93 532.03
4.95 533.48
4.97 534.91
4.99 536.35
5.01 537.78
5.03 539.20
5.05 540.62
5.07 542.04
5.09 543.45
5.11 544.86
5.13 546.26
5.15 547.66
5.17 549.05
5.19 550.44
5.21 551.83
5.23 553.21
5.25 554.59
5.27 555.96
5.29 557.33
5.31 558.69
5.33 560.05
5.35 561.41
5.37 562.76
5.39 564.11
5.41 565.45
5.43 566.79
5.45 568.12
5.47 569.46
5.49 570.78
5.51 572.11
5.53 573.42
5.55 574.74
5.57 576.05
5.59 577.36
5.61 578.66
5.63 579.96
5.65 581.25
5.67 582.54
5.69 583.83
5.71 585.11
5.73 586.39
5.75 587.67
5.77 588.94
5.79 590.20
5.81 591.47
5.83 592.73
5.85 593.98
5.87 595.23
5.89 596.48
5.91 597.72
5.93 598.96
5.95 600.20
5.97 601.43
5.99 602.66
6.01 603.88
6.03 605.10
6.05 606.32
6.07 607.54
6.09 608.74
6.11 609.95
6.13 611.15
6.15 612.35
6.17 613.55
6.19 614.74
6.21 615.92
6.23 617.11
6.25 618.29
6.27 619.46
6.29 620.64
6.31 621.81
6.33 622.97
6.35 624.13
6.37 625.29
6.39 626.45
6.41 627.60
6.43 628.75
6.45 629.89
6.47 631.03
6.49 632.17
6.51 633.30
6.53 634.43
6.55 635.56
6.57 636.68
6.59 637.80
6.61 638.92
6.63 640.03
6.65 641.14
6.67 642.25
6.69 643.35
6.71 644.45
6.73 645.55
6.75 646.64
6.77 647.73
6.79 648.81
6.81 649.89
6.83 650.97
6.85 652.05
6.87 653.12
6.89 654.19
6.91 655.26
6.93 656.32
6.95 657.38
6.97 658.43
6.99 659.49
7.01 660.54
7.03 661.58
7.05 662.63
7.07 663.67
7.09 664.70
7.11 665.74
7.13 666.77
7.15 667.79
7.17 668.82
7.19 669.84
7.21 670.86
7.23 671.87
7.25 672.88
7.27 673.89
7.29 674.89
7.31 675.90
7.33 676.90
7.35 677.89
7.37 678.88
7.39 679.87
7.41 680.86
7.43 681.84
7.45 682.82
7.47 683.80
7.49 684.78
7.52 685.75
7.54 686.72
7.56 687.68
7.58 688.64
7.60 689.60
7.62 690.56
7.64 691.51
7.66 692.47
7.68 693.41
7.70 694.36
7.72 695.30
7.74 696.24
7.76 697.18
7.78 698.11
7.80 699.04
7.82 699.97
7.84 700.89
7.86 701.81
7.88 702.73
7.90 703.65
7.92 704.56
7.94 705.47
7.96 706.38
7.98 707.29
8.00 708.19
8.02 709.09
8.04 709.98
8.06 710.88
8.08 711.77
8.10 712.66
8.12 713.54
8.14 714.43
8.16 715.31
8.18 716.18
8.20 717.06
8.22 717.93
8.24 718.80
8.26 719.67
8.28 720.53
8.30 721.39
8.32 722.25
8.34 723.11
8.36 723.96
8.38 724.81
8.40 725.66
8.42 726.50
8.44 727.35
8.46 728.19
8.48 729.02
8.50 729.86
8.52 730.69
8.54 731.52
8.56 732.35
8.58 733.18
8.60 734.00
8.62 734.82
8.64 735.63
8.66 736.45
8.68 737.26
8.70 738.07
8.72 738.88
8.74 739.68
8.76 740.49
8.78 741.29
8.80 742.08
8.82 742.88
8.84 743.67
8.86 744.46
8.88 745.25
8.90 746.03
8.92 746.82
8.94 747.60
8.96 748.37
8.98 749.15
9.00 749.92
9.02 750.69
9.04 751.46
9.06 752.23
9.08 752.99
9.10 753.75
9.12 754.51
9.14 755.27
9.16 756.02
9.18 756.77
9.20 757.52
9.22 758.27
9.24 759.02
9.26 759.76
9.28 760.50
9.30 761.24
9.32 761.97
9.34 762.71
9.36 763.44
9.38 764.17
9.40 764.89
9.42 765.62
9.44 766.34
9.46 767.06
9.48 767.78
9.50 768.50
9.52 769.21
9.54 769.92
9.56 770.63
9.58 771.34
9.60 772.04
9.62 772.74
9.64 773.44
9.66 774.14
9.68 774.84
9.70 775.53
9.72 776.22
9.74 776.91
9.76 777.60
9.78 778.29
9.80 778.97
9.82 779.65
9.84 780.33
9.86 781.01
9.88 781.68
9.90 782.36
9.92 783.03
9.94 783.70
9.96 784.36
9.98 785.03
10.00 785.69
